111111111111111111111111111111111111111
100000100000002000100002000000000000001
100500100000002000103002000000000000001
100000100000002000100002000000000000001
122222100010002000222222000222211110001
100000200010002000000000000000000000001
100000200010001000000000000000000000001
100000200010001000222001100000000000001
100000200010001000222001100000111122221
100000000020001000222000000000000000001
100000000020001000222000000000000000001
122222000020000000222001100000000000001
100002000020000000222001100111122220001
105002000020000000222000000000000000001
100002000000000000222000000000000000001
122222000000000022222220000000000011111
100000000000000022222220000000000000001
100000000000000022000220000000000000001
122222222222222222000222222222222222221
111112222111122222050222221111222211111
122222222222222222000222222222222222221
100000000000000022000220000000000000001
100000000000000022222220000000000000001
100000000000000022222220000000000011111
122222000000000000222000000000000000001
100002000020000000222000000000000000001
105002000020000000222000000000000000001
100002000020000000222001100111122220001
122222000020000000222001100000000000001
100000000020001000222000000000000000001
100000000010001000222000000000000000001
100000200010001000222001100000111122221
100000200010001000000001100000000000001
100000200010001000000000000000000000001
100000200010002000000000000000000000001
122222100000002000222222000222211110001
100000100000002000100002000000000000001
100500100000002000104002000000000000001
100000100000002000100002000000000000001
111111111111111111111111111111111111111